Cores     Threads     Matrix Size    Time (microseconds)
1         1           200            2512
1         1           400            21230
1         1           800            158917
1         1           1200           603072
1         1           1600           2664155
1         1           2000           5546926
----------------------------------------------------------------
1         2           200            3363
1         2           400            20776
1         2           800            156790
1         2           1200           589532
1         2           1600           2487614
1         2           2000           5398371
----------------------------------------------------------------
1         4           200            2885
1         4           400            20130
1         4           800            153858
1         4           1200           527696
1         4           1600           2476576
1         4           2000           5499728
----------------------------------------------------------------
1         8           200            3030
1         8           400            20379
1         8           800            156492
1         8           1200           553480
1         8           1600           2460401
1         8           2000           5558665
----------------------------------------------------------------
1         12          200            3104
1         12          400            20645
1         12          800            159170
1         12          1200           648645
1         12          1600           2623146
1         12          2000           5757869
----------------------------------------------------------------
2         1           200            2599
2         1           400            20779
2         1           800            198688
2         1           1200           779345
2         1           1600           2628865
2         1           2000           5686842
----------------------------------------------------------------
2         2           200            2988
2         2           400            20347
2         2           800            156855
2         2           1200           542605
2         2           1600           2465180
2         2           2000           5425535
----------------------------------------------------------------
2         4           200            2734
2         4           400            20826
2         4           800            152089
2         4           1200           570486
2         4           1600           2283851
2         4           2000           4741383
----------------------------------------------------------------
2         8           200            3113
2         8           400            21115
2         8           800            152668
2         8           1200           580598
2         8           1600           2167905
2         8           2000           4186237
----------------------------------------------------------------
2         12          200            2911
2         12          400            20505
2         12          800            156611
2         12          1200           538927
2         12          1600           2012603
2         12          2000           4241268
----------------------------------------------------------------
4         1           200            2539
4         1           400            20102
4         1           800            160115
4         1           1200           704755
4         1           1600           2574000
4         1           2000           5796701
----------------------------------------------------------------
4         2           200            2806
4         2           400            18855
4         2           800            165062
4         2           1200           884043
4         2           1600           1965077
4         2           2000           3988550
----------------------------------------------------------------
4         4           200            2250
4         4           400            18681
4         4           800            116071
4         4           1200           291423
4         4           1600           1087487
4         4           2000           2098025
----------------------------------------------------------------
4         8           200            2641
4         8           400            18928
4         8           800            152707
4         8           1200           425206
4         8           1600           1143498
4         8           2000           2639624
----------------------------------------------------------------
4         12          200            2336
4         12          400            18617
4         12          800            99213
4         12          1200           494563
4         12          1600           1084326
4         12          2000           2157326
----------------------------------------------------------------
6         1           200            2499
6         1           400            20603
6         1           800            164024
6         1           1200           639868
6         1           1600           2643242
6         1           2000           5933116
----------------------------------------------------------------
6         2           200            3741
6         2           400            21457
6         2           800            179033
6         2           1200           404629
6         2           1600           1663552
6         2           2000           3410272
----------------------------------------------------------------
6         4           200            3423
6         4           400            28281
6         4           800            174491
6         4           1200           263244
6         4           1600           785996
6         4           2000           1889311
----------------------------------------------------------------
6         8           200            1848
6         8           400            13966
6         8           800            92458
6         8           1200           357513
6         8           1600           903498
6         8           2000           1952780
----------------------------------------------------------------
6         12          200            3002
6         12          400            21789
6         12          800            174135
6         12          1200           423383
6         12          1600           1062658
6         12          2000           2007066
----------------------------------------------------------------


Параметры компилятора: g++ -O3 -fopenmp main.cpp -o main.exe

Вывод:
Наибольшее увеличение скорости вычислений происходит при увеличении количества физических ядер.
Лучшая скорость наблюдается при количеству потоков приблизительно равному количеству ядер.